59.64,
77.09,
94.58,
111.87,
128.81,
146.06,
164.50,
181.73,
194.17,
211.40,
228.97,
246.19,
263.11,
280.36,
298.82,
316.46,
327.81,
345.06,
362.70,
379.97,
396.88,
414.12,
432.60,
449.84,
462.59,
479.84,
497.30,
514.67,
531.75,
548.85,
567.30,
584.55,
597.25,
614.54,
631.98,
649.37,
666.43,
683.68,
702.01,
719.20,
732.68,
749.86,
767.19,
784.41,
801.66,
818.88,
837.34,
854.41,
866.84,
884.07,
901.67,
918.91,
935.97,
953.23,
971.74,
989.00,
1004.74,
1021.96,
1039.42,
1056.68,
1073.75,
1091.02,
1109.48,
1126.69