61.05,
78.12,
95.49,
112.53,
129.68,
146.69,
164.83,
181.88,
193.61,
210.63,
228.00,
245.07,
262.17,
279.31,
297.47,
314.57,
327.39,
344.38,
361.93,
378.98,
396.04,
413.10,
431.40,
448.48,
461.29,
478.32,
495.84,
512.87,
529.87,
546.95,
565.10,
582.10,
593.79,
610.80,
628.12,
645.13,
662.23,
679.37,
697.43,
714.28,
726.45,
743.43,
760.70,
777.02,
793.63,
811.81,
830.14,
847.26,
859.22,
876.30,
893.72,
910.75,
927.94,
944.93,
962.98,
979.93,
995.35,
1012.27,
1029.55,
1046.71,
1063.79,
1080.62,
1098.85,
1116.01